--- ./output/11	2020-10-26 18:29:43.000000000 +0900
+++ ./maps/error	2020-10-26 18:27:26.000000000 +0900
@@ -1,4 +1 @@
-1 2 3 4
-2 3 4 1
-3 4 1 2
-4 1 2 3
+Error
>> Input "4a3 2 1 1 2 2 2 4 3 2 1 1 2 2 2", File: 11 
--- ./output/19	2020-10-26 18:29:43.000000000 +0900
+++ ./maps/error	2020-10-26 18:27:26.000000000 +0900
@@ -0,0 +1 @@
+Error
>> Input "4 3 2 1 1 2 2 2 4 3 2 1 1 2 2 2 4 3 2 1 1 2 2 2 4 3 2 1 1 2 2 2", File: 19 
>> Input "4 3 2 1 1 2 2 2 4 3 2 1 1 2 2 2 1", File: 20 
>> Input "4 3 2 1 1 2 2 2 4 3 2 1 1 2 2 24 3 2 1 1 2 2 2 4 3 2 1 1 2 2 2", File: 21 
>> Input "4 3 2 1 1 2 2 2 4 3 2 1 1 2 2 2 4 3", File: 22 
>> Input "a4 3 2 1 1 2 2 2 4 3 2 1 1 2 2 2", File: 23 
>> Input , File: 24 
>> Input "4 3 2 1 1 2 2 2 4 3 2 1 1 2 2 2a", File: 25 
>> Input "a4 3 2 1 1 2 2 2 4 3 2 1 1 2 2 2a", File: 26 
>> Input "5 3 2 1 1 2 2 2 4 3 2 1 1 2 2 2", File: 27 
>> Input "4 3 2 1 1 2 2 2 4 3 2 1 1 2 2 2!", File: 28 
>> Input "!4 3 2 1 1 2 2 2 4 3 2 1 1 2 2 2", File: 29 
>> Input "!4 3 2 1 1 2 2 2 4 3 2 1 1 2 2 2!", File: 30 
>> Input "4 3 2 1 1 2 2 2 4 3 2 1 1 2 2 2
", File: 31 
>> Input "_4 3 2 1 1 2 2 2 4 3 2 1 1 2 2 2", File: 32 
>> Input "4 3 2 1 1 2 5 2 4 3 2 1 1 2 2 2", File: 33 
>> Input , File: 34 
>> Input " 4 3 2 1 1 2 2 2 4 3 2 1 1 2 2 2", File: 35 
>> Input "4 3 2 1 1 2 2  2 4 3 2 1 1 2 2 2", File: 36 
>> Input "4.1 3 2 1 1 2 2 2 4 3 2 1 1 2 2 2", File: 37 
>> Input "4 3 2 1 1 2 2 2 4 3 2.1 1 1 2 2 2", File: 38 
>> Input "0 0 0 0 0 0 0 0 0 0 0 0 0 0 0 0", File: 39 
>> Input "4 3 2 1 1 2 0 2 4 3 2 1 1 2 2 2", File: 40 
>> Input "4 3 2 1 1 2 2 2     2 1 1 2 2 2", File: 41 
>> Input "4 3 2 1 1 2 2 2 4 3 2 1 1 2 2 2""4 3 2 1 1 2 2 2 4 3 2 1 1 2 2 2", File: 42 
>> Input "4 3 2 1 1 2 2 2 4 3 2 1 1 2 2 2" "4 3 2 1 1 2 2 2 4 3 2 1 1 2 2 2", File: 43 
>> Input "4 3 2 1 1 2 2 2 4 3 2 1 1 2 2 2" -g, File: 44 
>> Input -a "4 3 2 1 1 2 2 2 4 3 2 1 1 2 2 2", File: 45 
>> Input "" "4 3 2 1 1 2 2 2 4 3 2 1 1 2 2 2", File: 46 
>> Input "4 3 2 1 1 2 2 2 4 hi 2 1 1 2 2 2", File: 47 
>> Input "hello", File: 48 
>> Input " ", File: 49 
>> Input "
", File: 50 
